scenario_selection
%edw dhlwnoume thn pi8anothta na ginei mia drasthriothta mesa sthmera. Ta
%stoixeia einai (%) kai didontai apo statistikh yphresia. Epilegoumetis
%drasthriothtes pou syndeontai me thn katanalwsh energeias

%douleies spitiou prwines
mornhouse=[ 0.52 0.46 0.41 0.35 0.26 0.2 0.14 0.12 0.08 0.1 0.07 0.08 0.05 0.04 0.06 0.09 0.2 0.23 0.43 0.56 1.38 2.05 3.53 4.88 7.53 10.08 12.45 13.63 13.15 13.57 13.62 13.71 12.88 12.24 13.48 13.6 12.51 12.15 11.07 10.63 8.07 7.7 6.65 6.45 6.07 6.31 7.2 7.58 4.08 3.51 4.3 4.37 4.41 4.16 4.05 4.00 4.33 0 0 0 0 0 0 0 0 0 0 0 0 0 0 0 0 0 0 0 0 0 0 0 0 0 0 0 0 0 0 0 0 0 0 0 0 0 0 0 ];
%douleies spitiou apogevmatines
latehouse=[0 0 0 0 0 0 0 0 0 0 0 0 0 0 0 0 0 0 0 0 0 0 0 0 0 0 0 0 0 0 0 0 0 0 0 0 0 0 0 0 0 0 0 0 0 0 0 0 0 0 0 0 0 0 0 0 4.31 4.47 4.41 4.68 4.69 5.16 5.43 6.99 7.42 8.9 9.63 12.7 13.62 15.44 16.44 15.69 15.28 14.28 14.38 10.46 9.76 9.09 9.03 7.56 7,00 6.11 5.92 4.82 4.5 3.6 3.36 2.83 2.64 2.08 1.89 1.67 1.48 1.01 0.76];
%prwino
breakfast=[0.48 0.41 0.34 0.3 0.21 0.17 0.16 0.16 0.18 0.16 0.13 0.12 0.14 0.16 0.14 0.11 0.14 0.2 0.32 0.25 0.64 0.92 1.72 2.26 4.77 7.5 12.85 14.79 20.87 20.13 17.6 14.47 11.92 10.15 5.98 4.42 3.04 2.51 1.64 1.27 1.19 1.13 0.89 0 0 0 0 0 0 0 0 0 0 0 0 0 0 0 0 0 0 0 0 0 0 0 0 0 0 0 0 0 0 0 0 0 0 0 0 0 0 0 0 0 0 0 0 0 0 0 0 0 0 0 0 0 ];
%meshmeriano
supper=[ 0 0 0 0 0 0 0 0 0 0 0 0 0 0 0 0 0 0 0 0 0 0 0 0 0 0 0 0 0 0 0 0 0 0 0 0 0 0 0 0 0 0 0 0.69 1.39 1.83 4.53 7.39 44.53 46.01 35.55 29.57 12.21 9.1 4.92 3.82 2.79 2.37 1.66 1.29 1.15 0.92 0.63 0.55 0.69 0.62 0 0 0 0 0 0 0 0 0 0 0 0 0 0 0 0 0 0 0 0 0 0 0 0 0 0 0 0 0 0 ];
%vradino
dinner=[ 0 0 0 0 0 0 0 0 0 0 0 0 0 0 0 0 0 0 0 0 0 0 0 0 0 0 0 0 0 0 0 0 0 0 0 0 0 0 0 0 0 0 0 0 0 0 0 0 0 0 0 0 0 0 0 0 0 0 0 0 0 0 0 0 0 0 0.67 0.73 2.26 2.62 4.43 5.48 13.36 17.07 21.64 21.47 27.01 26.68 21.95 19.33 14.03 12.74 9.47 8.12 5.91 5.56 4.35 3.88 3.16 2.99 2.29 1.87 1.73 1.53 0.98 0.71];
%prwsopikh ygeihnh
personalcare=[2.57 2.43 1.97 1.9 1.38 1.28 0.96 0.83 0.59 0.51 0.39 0.37 0.36 0.28 0.37 0.36 0.68 0.73 1.13 1.31 3.89 4.06 6.76 7.13 13.86 15.74 20.9 19.77 21.37 19.02 16.22 14.38 11.03 8.71 7.2 5.92 4.76 4.34 3.76 3.28 3.11 2.76 2.65 2.53 2.41 2.36 2.06 2.00 1.88 2.06 2.4 2.48 2.18 2.07 2.00 1.94 1.89 1.82 1.76 1.75 1.85 1.89 2.15 2.17 2.4 2.52 2.68 2.78 3.73 3.95 4.6 4.77 5.38 5.93 6.23 6.42 5.98 6.07 6.45 6.57 7.9 8.09 8.36 8.6 10.04 9.82 9.49 9.15 9.77 9.41 8.95 9.06 9.26 8.55 6.86 5.38];
%parakoloy8hsh TV
tv=[5.03 4.75 3.69 3.36 1.97 1.9 1.42 1.33 0.79 0.77 0.65 0.64 0.47 0.44 0.42 0.42 0.4 0.43 0.53 0.59 0.99 1.1 1.57 1.81 2.19 2.6 3.1 3.64 4.03 4.77 6.13 6.44 7.72 8.92 8.64 8.53 7.81 7.55 7.23 7.01 6.14 6.16 6.06 6.12 5.92 5.95 5.7 5.47 3.44 4.18 7.48 8.75 9.76 10.07 9.75 9.66 7.58 7.64 7.36 7.45 6.88 7.07 7.27 7.4 7.52 7.76 8.06 8.33 7.75 7.91 8.15 8.41 8.03 8.39 9.22 10.41 13.88 15.87 21.09 23.79 28.42 30.16 33.43 34.4 33.23 34.11 34.26 34.86 28.21 28.05 25.12 24.25 13.73 12.74 9.31 7.96];
%meleth
otherstudy=[ 0.62 0.62 0.58 0.57 0.42 0.41 0.35 0.35 0.21 0.21 0.18 0.18 0.13 0.11 0.11 0.11 0.09 0.09 0.1 0.11 0.13 0.13 0.11 0.12 0.15 0.16 0.16 0.14 0.16 0.19 0.18 0.23 0.29 0.32 0.37 0.35 0.49 0.52 0.6 0.58 0.82 0.87 0.87 0.86 0.84 0.84 0.75 0.7 0.36 0.32 0.36 0.39 0.57 0.63 0.78 0.85 1.01 1.07 1.1 1.11 1.16 1.13 1.17 1.22 1.17 1.25 1.37 1.39 1.4 1.37 1.38 1.33 1.26 1.32 1.25 1.22 1.25 1.36 1.58 1.61 1.75 1.87 1.95 1.93 1.85 1.91 1.88 1.79 1.77 1.77 1.62 1.55 1.32 1.31 1.04 0.91];

%Epeidh h pi8anothta na ginei mia drasthriothta mhdenizetai otan leipoume
%apo to spiti pollaplasiazoume ka8e pi8anothta me to scenario
%katalhpsimothtas toy spitioy
mh=mornhouse.*scenario;
lh=latehouse.*scenario;
br=breakfast.*scenario;
sp=supper.*scenario;
dn=dinner.*scenario;
pec=personalcare.*scenario;
tv1=tv.*scenario;
st=otherstudy.*scenario;